10.673100 0.441300
13.631300 0.414900
15.170600 0.666700
17.559700 0.954900
23.311200 1.333900
24.678200 4.176400
25.543700 1.266100
26.258600 1.397300
32.125500 0.229900
33.789900 4.005400
37.061100 0.912100
38.213700 1.350900
39.106800 0.847500
41.064300 0.710300
44.229800 0.304300
45.898900 1.112500
46.658800 1.581400
52.316100 1.006200
53.981500 1.081200
56.091200 1.014800
59.118300 0.764300
60.824400 1.150800
63.270400 0.686500
66.315000 1.569700
72.552900 0.731300
76.560200 1.603700
76.902300 0.734400
79.243200 3.484600
81.007400 0.317900
85.656100 0.957000
87.614700 0.645900
90.299000 0.828400
93.563200 0.885500
97.946200 0.324700
100.824100 2.552100
104.465100 0.487500
106.769600 1.639000
113.201800 0.855100
115.290000 1.704400
118.077200 0.921500
119.658500 0.892800
123.207000 0.817900
127.450900 1.304800
133.796800 0.344400
135.252400 1.467100
136.961000 1.762700
140.083900 1.179500
143.385000 2.205400
143.973600 1.970700
144.899200 0.085000
148.204600 1.434500
154.566100 1.616500
160.384600 1.524400
162.501900 1.217000
164.241400 0.591100
165.628700 1.576800
167.418300 1.640200
175.350700 2.775400
176.999200 0.490000
180.230500 0.832700
182.924300 3.697500
186.596900 1.077900
191.743800 0.971900
192.176500 0.775100
198.756100 0.994500
203.864800 0.898800
205.226200 3.054700
210.330000 1.250700
213.292700 1.113000
213.775700 1.628000
216.122800 0.587300
218.774500 0.770400
220.660500 0.474000
224.121700 2.894500
226.549600 0.140000
227.111700 2.745000
235.365000 0.409400
238.569700 2.015000
246.559700 3.569300
248.141100 0.313000
248.344100 0.943900
254.012000 1.120300
260.128000 0.797400
264.219400 3.110800
267.237300 1.755800
270.136500 2.229700
272.985100 0.650300
273.874500 0.592900
276.506000 0.762300
278.945000 1.005600
287.180500 1.054600
287.831600 7.184900
292.686500 0.362700
296.763800 0.974800
297.246900 3.425500
303.592100 0.851000
307.833600 2.413400
312.220500 3.531400
313.397200 4.113900
318.485300 1.979000
319.911600 0.750200
326.349200 2.713500
327.432300 1.725600
333.290100 4.878500
334.842000 1.727800
336.314700 1.321700
341.031400 3.178600
344.524500 0.718300
346.786800 0.648300
350.977200 2.860700
352.944000 1.215200
355.766700 4.379700
361.011300 1.920700
361.961300 1.620100
364.491400 1.720200
374.483700 2.324200
379.802600 1.240000
385.502400 4.097200
386.230300 4.254300
393.485400 0.174200
395.447300 8.637000
398.164000 1.083600
402.979600 2.212800
409.004700 7.291500
410.915300 1.089100
414.575600 0.891500
416.899000 1.541900
418.840700 2.058700
421.339200 2.940000
428.281900 1.948300
433.931800 1.295700
439.285500 0.715300
441.112500 1.786500
442.855100 10.593700
450.767600 3.666700
454.691000 4.153800
465.154500 0.180100
466.549300 0.852900
469.604600 1.334900
477.237700 0.949300
479.673700 0.296900
484.509400 6.645200
484.884800 1.838900
488.146000 3.800100
495.611800 1.323000
501.674100 6.742500
506.886900 6.470900
508.233300 1.013800
511.036800 4.511600
515.591900 3.756400
517.034000 1.016200
520.558500 2.401100
523.388200 0.511500
523.893800 2.404800
529.744000 3.801900
538.301300 1.767300
540.652400 0.674600
545.759700 1.302400
551.046600 2.847900
554.123100 1.245700
563.398100 1.798400
566.666200 0.764100
569.554900 2.167500
572.548300 1.819600
579.228000 4.786400
579.612600 3.901300
584.910800 1.269900
592.435800 1.286600
602.524300 3.807000
604.984200 5.948600
610.188200 1.400500
614.073800 1.351500
623.114100 1.293900
624.265100 4.410600
630.873600 1.045900
632.042200 0.944300
634.544200 1.941100
644.757300 3.353300
646.377200 8.771900
648.071900 1.555600
653.424900 1.697100
659.914900 3.216000
672.602700 2.309300
676.887400 1.347900
684.431000 2.192900
691.744300 9.107900
694.543000 0.904000
698.261200 1.316400
702.612200 3.399200
709.841900 1.254100
712.579300 1.021300
718.447900 1.342200
720.110000 2.541700
724.895100 6.993100
729.315600 12.582800
732.351200 1.000900
734.330500 2.564900
741.584800 4.689800
742.329600 9.917300
743.729700 22.744300
746.010300 4.866500
750.156400 10.369600
754.686400 0.954800
763.196700 6.516800
768.408400 1.976800
776.778500 2.970700
789.806300 9.506600
801.696300 3.221900
802.402400 0.999900
811.292500 1.299100
812.726000 6.589100
817.045300 12.659100
819.395700 11.567400
823.921700 18.197200
826.806400 1.242600
830.338700 7.688900
832.169300 5.348700
833.955400 7.107400
845.454900 6.219500
845.866300 6.100700
848.284200 1.782300
849.566100 4.235300
855.389400 4.745200
856.741100 10.971300
857.226200 13.715300
867.237800 11.173400
868.697300 9.531200
876.368900 3.126900
879.468600 2.574600
881.589200 4.362600
890.487800 3.652200
895.693800 4.957700
897.028200 7.423300
897.961900 1.721400
906.467100 4.066700
914.518200 4.892900
924.831700 2.677700
925.832300 6.803300
928.783000 4.169700
935.867100 3.454600
936.364700 2.397200
938.675900 2.899400
942.014000 3.333300
943.979900 5.441000
956.340500 9.902700
958.767800 5.083800
960.063800 11.758200
966.680000 1.455400
973.822300 1.822300
986.645800 20.061600
989.597800 2.488200
992.520400 2.315600
993.337900 22.857900
998.602900 1.368600
1003.261300 1.225400
1003.546000 3.366700
1006.090100 8.710100
1007.032600 12.277400
1008.854900 6.961800
1015.908000 1.287400
1017.577300 3.001800
1019.432800 1.851300
1020.241800 0.903300
1023.111100 19.353900
1024.827400 9.154000
1026.406500 5.228400
1031.962100 3.905400
1038.487000 3.202900
1038.702800 1.077400
1042.060800 1.643500
1044.885800 21.294100
1046.233500 4.786000
1049.711500 7.470900
1050.922900 2.913900
1052.728400 4.702100
1061.673500 2.355600
1065.498000 4.589000
1067.525100 8.504200
1069.628300 9.933800
1073.161900 5.088300
1078.874800 5.311400
1082.534100 13.154600
1084.468100 13.864200
1085.700800 9.842700
1092.684700 4.686100
1096.647300 4.080200
1099.897300 12.401300
1101.553000 9.272300
1103.152500 5.441400
1110.019000 16.760000
1116.449600 3.188000
1119.779300 5.273200
1121.291800 11.815800
1122.016600 4.756700
1124.730500 1.474400
1125.277400 2.938200
1127.064500 1.047700
1128.210000 2.980200
1138.807000 3.561800
1142.556000 4.059900
1145.445400 4.542900
1147.224400 34.717100
1149.220700 3.925100
1162.649100 18.308900
1166.416000 4.429100
1168.398800 4.187900
1170.900200 10.951400
1171.310100 3.546600
1177.627700 13.821200
1180.256400 10.599800
1182.652900 5.610300
1185.460400 7.308400
1191.983800 10.361600
1196.629400 5.885500
1202.438200 7.592700
1204.392800 18.936600
1210.568400 34.239300
1212.960500 3.359800
1214.679500 7.664800
1216.489900 3.790300
1217.048700 16.054600
1217.624000 31.690900
1223.879700 19.946100
1225.569800 9.144400
1232.246700 5.645500
1239.881500 5.385900
1240.494300 22.337400
1243.895700 13.718800
1249.063700 24.999900
1258.880400 5.719200
1259.591000 5.787900
1260.423500 8.921600
1262.782200 7.527000
1265.332800 6.295100
1272.069400 8.096500
1283.683200 30.647100
1283.952100 9.746900
1284.891200 17.328800
1287.175200 5.473600
1288.269700 11.409900
1289.297100 0.309300
1294.268300 4.895400
1296.519300 8.133400
1302.765500 9.277200
1304.684700 93.585500
1307.783200 19.754400
1311.081700 14.622800
1311.633200 17.924400
1316.963300 8.564500
1318.491500 17.761100
1325.656900 40.305700
1327.887400 75.719800
1329.752000 19.734600
1331.853400 48.249500
1337.145100 76.650300
1339.040800 13.469800
1340.785000 56.306800
1344.052700 9.350100
1348.672300 1.058000
1350.852700 25.225300
1352.156700 15.421900
1354.437600 28.165700
1357.617400 4.806800
1360.652300 13.246600
1366.557600 9.621900
1368.600300 15.610900
1369.419000 5.666100
1369.662500 4.620000
1373.755300 12.457600
1373.992500 4.919800
1377.529400 11.520700
1382.110800 8.419400
1383.177300 10.816000
1383.879200 21.427700
1385.561200 25.191900
1386.237900 20.173200
1388.652600 11.270400
1391.858300 11.659400
1395.322900 11.619100
1396.319100 4.941300
1398.415000 6.355900
1400.141900 31.865000
1400.561100 33.668100
1403.028500 76.616300
1403.428500 8.672100
1405.374300 76.430800
1414.266700 38.166000
1433.419700 12.181000
1435.811100 13.546800
1437.698300 15.512600
1441.864900 2.996400
1444.294900 31.591900
1444.811300 7.635300
1450.012500 10.741000
1451.939400 43.159300
1453.046300 26.658600
1454.896500 26.111300
1456.797800 8.353700
1459.463800 41.505300
1460.522700 7.537300
1462.252500 7.184700
1462.911000 10.590400
1465.260200 19.609200
1466.331900 192.192200
1467.172800 25.778600
1469.084600 12.027000
1471.639100 45.018400
1471.791200 8.928200
1472.310500 21.408900
1472.644000 22.219300
1473.814100 7.238000
1474.744700 127.696600
1477.081500 22.953500
1480.708500 23.017000
1481.895400 15.702100
1482.333900 56.842200
1484.658100 7.699600
1485.784300 16.912300
1486.913300 10.091500
1488.789200 59.337200
1491.113900 79.027400
1493.191700 13.316100
1496.334300 25.869600
1497.593500 29.860700
1500.734500 101.901100
1502.146600 5.977400
1503.088900 2.217800
1508.633200 64.389000
1530.415800 128.721400
1545.449900 1.975100
1564.592800 167.793300
1570.638400 42.598300
1582.905900 54.325900
1592.744200 3.983300
1594.194900 2.705900
1598.346900 4.607000
1600.084800 4.748300
1610.078100 10.676700
1612.814400 27.969700
1616.164500 2.122000
1625.152000 10.193100
1707.267900 10.856100
1718.890500 6.396600
1729.001000 15.864700
1729.209600 11.075000
1730.617700 1.555700
1741.623900 66.980300
1743.375900 30.048400
2129.635700 35.837100
2699.382900 197.842100
2909.370400 56.991000
2947.894900 122.346900
2951.769900 79.571100
2962.087200 229.718100
2962.903400 192.307100
2963.061500 268.422600
2965.885300 87.845500
2969.430400 433.348900
2969.782800 12.279600
2972.013900 75.026100
2973.059600 64.504600
2974.674500 76.903000
2974.804700 108.505200
2975.329200 126.127200
2976.233900 78.028600
2978.790300 25.510800
2981.569600 354.056100
2982.380800 29.260800
2984.587800 61.818000
2985.059900 190.940900
2988.081600 14.120400
2991.267400 59.134200
2994.428800 182.641300
2994.764200 41.191200
2996.120500 283.452900
2998.681800 44.674000
2999.348100 178.194000
3000.001300 200.093600
3001.688000 20.278600
3003.158000 14.603700
3003.362800 256.927100
3008.689000 42.677500
3010.221700 67.003900
3012.253300 157.680300
3014.201300 49.232400
3015.688100 10.932000
3019.874500 44.581700
3022.130300 45.625400
3022.979100 27.330600
3025.742100 10.176000
3028.738000 148.048800
3031.286000 179.611500
3032.177400 39.674200
3032.569600 74.280900
3034.374900 19.735500
3040.627800 27.844800
3042.907800 92.514500
3044.069700 6.979600
3044.266100 25.298300
3045.179500 98.819900
3050.365000 125.857300
3053.070300 143.113900
3054.396600 24.876700
3054.732400 24.662600
3056.239000 76.960500
3056.759000 54.141600
3059.659600 63.335900
3060.901800 24.766100
3062.389500 68.908000
3063.055400 16.954300
3064.292100 67.262900
3067.170900 42.244900
3072.286600 48.953400
3077.860200 33.782700
3077.899400 42.317100
3081.742800 55.562100
3084.881700 62.107200
3087.723900 30.418600
3115.998800 87.469400
3145.928700 92.706600
3159.843100 58.171600
3161.580900 91.746500
3259.410100 12.779300
3290.538200 68.366700
3392.956100 142.994000
3398.901600 285.951800
3456.147900 211.051000
3472.741900 176.652500
3478.302200 218.034700
3486.444000 347.778500
3550.658300 104.490300
3555.944600 85.036200
3591.931600 111.187200
3600.869400 90.022300
3602.524900 77.952700
3616.869300 133.567500
3633.458300 70.670500
