  62.3050   0.2354
  73.4675   0.8310
 144.5556   0.6348
 177.8569   1.7616
 185.0268   0.7517
 212.0663   0.0725
 231.7896   0.6152
 246.4405   1.2037
 259.5014   5.9449
 269.6891   6.2822
 290.4681   2.2166
 316.4265   0.2067
 325.3879   1.4052
 367.1933   2.8734
 371.8056   7.9951
 402.7036   6.3871
 465.3864   0.6858
 494.3816   0.8722
 505.9668   1.7523
 564.3136  25.5694
 688.6856  83.5918
 753.5140   3.9467
 801.9320  12.9277
 814.8905   5.1816
 826.4978   0.9822
 844.2256   6.0869
 882.2296  13.4576
 913.4067   2.5453
 942.7498   3.6383
 984.1514  43.8189
 985.1524 145.1890
1022.3397 160.6361
1055.4729  17.6735
1061.6036  78.8909
1067.8825  15.3818
1094.4642  12.4049
1134.7653   7.0968
1143.4730   1.3109
1225.8996   3.3677
1237.5651   8.9747
1243.2105   9.2133
1271.6930   0.9680
1290.3974   8.6054
1323.3643   0.9191
1346.8258   3.5904
1363.3786   2.9729
1371.8041   0.2801
1379.4457   4.4753
1387.3187   2.6133
1392.3786   6.4125
1445.8085   8.8661
1463.5006   2.3205
1491.7910   4.0221
1492.8554   3.8535
1499.0753  10.8603
1507.9806   1.0810
2992.5321  13.9083
3013.9723  16.5936
3020.6703  25.0866
3026.1175   8.1371
3033.6768   2.5200
3039.9080  33.2927
3052.7521   2.0023
3065.9058  50.0949
3069.5585  40.0448
3078.0349  16.9295
3083.0866  44.2444
3149.7713   3.9403
3183.6715   1.4728
